SDEF POS = -5 0 0 &
     AXS = 1 0 0 &
     VEC = 1 0 0 &
     DIR = 1 &
     PAR = 1 &
     RAD = d1 &
     ERG = d2 &
     CEL = 8
SI1 0 4.4
SP1 -21 1
SI2 a 3.071 3.105 3.139 3.172 3.205 3.236 3.267 3.298 3.328 3.357 3.386 &
      3.415 3.443 3.471 3.499 3.526 3.554 3.580 3.607 3.634 3.660 3.686 & 
      3.712 3.737 3.763 3.788 3.813 3.838 3.863 3.888 3.912 3.937 3.961 & 
      3.985 4.009 4.033 4.057 4.081 4.104 4.128 4.151 4.175 4.198 4.221 &
      4.244 4.267 4.290 4.313 4.336 4.359
SP2   0 0 48 603 2024 3907 5870 7634 9003 9707 10082 &
      10893 12426 14041 15842 18115 21089 23793 26500 29817 33474 37386 &
      41187 45185 49024 52500 55113 56040 55230 51818 45933 39136 31674 & 
      23424 15011 7918 2941 252 0 0 0 0 0 0 &
      0 0 0 0 0 0